0
364
294
148
212
206
380
300
38
369
278
284
38
339
308
323
303
105
270
215
364
0
172
223
152
211
309
202
326
95
119
302
354
83
61
56
108
290
217
155
294
172
0
154
141
88
424
304
258
252
66
379
303
225
122
184
65
271
301
111
148
223
154
0
75
74
340
229
110
251
130
267
150
219
164
192
155
120
210
69
212
152
141
75
0
102
294
175
174
176
88
238
204
144
97
116
110
149
165
32
206
211
88
74
102
0
395
278
171
265
94
332
217
234
149
198
114
195
265
73
380
309
424
340
294
395
0
120
360
220
359
100
345
225
316
260
370
277
130
326
300
202
304
229
175
278
120
0
273
129
239
103
271
121
199
148
251
196
33
207
38
326
258
110
174
171
360
273
0
334
240
268
49
304
269
286
265
83
244
177
369
95
252
251
176
265
220
129
334
0
188
232
350
32
129
68
187
277
154
195
278
119
66
130
88
94
359
239
240
188
0
318
279
160
60
120
24
233
238
66
284
302
379
267
238
332
100
103
268
232
318
0
248
224
290
247
334
184
85
270
38
354
303
150
204
217
345
271
49
350
279
248
0
322
301
309
304
76
240
214
339
83
225
219
144
234
225
121
304
32
160
224
322
0
103
41
162
249
141
164
308
61
122
164
97
149
316
199
269
129
60
290
301
103
0
62
58
243
205
95
323
56
184
192
116
198
260
148
286
68
120
247
309
41
62
0
120
241
162
131
303
108
65
155
110
114
370
251
265
187
24
334
304
162
58
120
0
257
253
90
105
290
271
120
149
195
277
196
83
277
233
184
76
249
243
241
257
0
165
167
270
217
301
210
165
265
130
33
244
154
238
85
240
141
205
162
253
165
0
197
215
155
111
69
32
73
326
207
177
195
66
270
214
164
95
131
90
167
197
0